1 20140015 maithian 7.000000
2 20140179 nguyentuananh 8.000000
3 20140200 phanhonganh 9.000000
4 20140296 dangxuanbach 7.000000
5 20140317 dangtrangiabao 8.000000
6 20140366 dangvuongbinh 9.000000
7 20140461 lequangchinh 7.000000
8 20121319 dangmanhduan 8.000000
9 20140678 lexuandu 9.000000
10 20140857 laiquangduong 7.000000
11 20140887 nguyenvanduong 8.000000
12 20140912 nguyencongdai 9.000000
13 20140999 phoducdat 7.000000
14 20141072 nguyenngocdong 8.000000
15 20141568 nguyentrungduc 9.000000
16 20141315 tabacha 7.000000
17 20141516 lytrunghieu 8.000000
18 20141726 nguyenvanhoan 9.000000
19 20141760 leminhhoang 7.000000
20 20141769 nguyenduchoang 8.000000
21 20121802 nguyentienhuy 9.000000
22 20142133 buiquochung 7.000000
23 20142190 phanbaohung 8.000000
24 20142269 lethikhanh 9.000000
25 20142472 buivanlam 7.000000
26 20142566 letrongduylinh 8.000000
27 20142597 nguyentuanlinh 9.000000
28 20142631 hoangtoloan 7.000000
29 20142895 cutuanminh 8.000000
30 20142969 tranhongminh 9.000000
31 20143037 nguyenbinhnam 7.000000
32 20143061 nguyenphuongnam 8.000000
33 20143295 nguyenthanhnhan 9.000000
34 20143522 nguyenthaiphuong 7.000000
35 20143635 daobaoquang 8.000000
36 20143635 hoangducquan 9.000000
37 20143671 nguyenbaoquoc 7.000000
38 20122367 vuongchison 8.000000
39 20144536 nguyenductoan 9.000000
40 20144649 buiquangtri 7.000000
41 20145224 hoangquocviet 8.000000
