100 8 1.8 450000
101 8 1.8 610000
109 16 1.8 840000
110 10 1.8 980000
112 16 1.8 1090000
x1-01 4 1.8 940000
c2-00 64 1.8 1310000
205 64 2.4 1340000
206 64 2.4 1410000
305 10 3.0 1490000
c2-01 43 2.0 1620000
x2-02 64 2.0 1640000
202 10 2.4 1680000
200 10 2.4 1680000
c2-03 10 2.6 1680000
306 10 3.0 1990000
308 64 3.0 2240000
309 64 3.0 2290000
300 128 2.4 2390000
311 140 3.0 2690000
302 100 2.4 2780000
c5-06 40 3.2 2780000
C5-00 270 2.2 3390000
700 2000 3.2 4960000
620 8000 3.8 5490000
820 8000 4.3 10990000
920 32000 4.5 13990000